0
0
0
1
17
17 11 6 21 26 28 8
17 11 6 21 26 28
17 11 6 21 26 28 8 13 22 3 18 10 27 20 16 4 9 1 25 24 23 14 15
17 11 6 21 26 28 8 13 22 3 18 10 27 20 16 4 9 1 25 24
17 11 6 21 26 28 8 13 22 3 18 10 27 20 16 4 9 1 25 24 23 14 15 12 2 7 19 5
17 11 6 21 26 28 8 13 22 3 18 10 27 20 16 4 9 1 25
17 11 6 21 26 28 8 13 22 3 18 10 27 20 16 4 9 1 25 24 23 14 15 12 2 7
17 11 6 21 26 28 8 13 22 3 18 10 27 20 16 4
17 11 6 21 26 28
1
10 3 15 5 14 2 13 8 1 4
10 3
3
10 3 15 5 14 2 13 8 1 4 12 7 11 6
10 3 15 5 14 2 13 8 1 4 12
10 3 15 5 14 2 13 8 1 4 12 7
10 3 15 5 14
10 3 15 5 14 2 13 8 1 4
10 3 15 5 14 2 13 8 1 4 12 7
10 3 15 5 14 2 13 8 1 4 12 7 11 6
10 3 15 5 14 2 13 8 1 4
10 3 15 5 14 2 13 8 1
10 3 15 5 14
10 3 15 5 14 2 13 8
10 3 15
10
10
10 3 15 5 14 2 13 8 1
10 3 15 5 14 2 13 8 1 4 12
1
2 1 24 5 22
2 1 24 5 22 20 19 21 8 10 26 14 16 11 7 17 13 9 4
2 1 24 5 22 20 19 21 8
2 1 24 5 22 20 19 21
2 1 24 5 22 20 19 21 8
2 1 24 5 22 20 19 21 8 10 26 14 16 11
2 1 24 5 22 20 19 21
2 1 24 5 22 20 19 21 8 10 26 14 16 11 7 17 13 9 4 15 3 18 12
2 1 24 5 22 20 19 21 8 10 26 14
2 1 24 5 22
2 1 24 5 22 20 19 21 8
2 1 24 5 22 20 19 21 8 10 26 14 16 11 7 17 13 9 4 15 3 18 12 23 27
2 1 24 5 22 20 19 21 8 10 26 14 16 11 7 17 13 9 4 15
2 1 24 5 22 20 19 21 8 10 26 14 16 11 7 17 13 9 4 15 3 18
0
1
8 2 4 3 1 6 5 7
8 2 4 3 1 6
8 2
0
1
9 4 3 2 17 10 12 22 18 13 8 16 14 6
9 4 3 2 17 10 12 22 18 13 8 16 14 6 1 20 5 15 11 21
9 4 3 2 17 10 12 22 18 13 8 16 14 6 1 20 5
0
0
0
1
12 10 4 8 6 3 1 5
12 10 4 8 6 3 1
1
23 16 26 12 2 3 18 19 25 21 13
23 16 26 12 2 3 18 19 25 21 13 8 1 11 24 6 22 14 5 10 20
23 16 26 12 2 3 18 19 25 21 13 8 1 11 24 6 22 14 5 10 20 15 17 9 7
23 16 26 12 2 3 18 19 25 21 13 8 1 11 24 6 22 14 5 10
0
1
16 11 20 12 7 4 6 21 18 13 10 8 5 2 19 17
0
1
28 22 18 5 1 11 23 21 15 13 12 25 17 29 8 3 24 6
28 22 18 5 1 11 23 21 15 13 12 25 17
28 22 18 5 1 11 23 21 15 13 12 25 17 29 8 3 24 6 2 27
28 22 18 5 1 11 23 21 15 13 12 25 17 29 8 3 24 6 2 27 19 26 16 20 4 14
28 22 18 5 1 11 23 21 15 13 12 25 17 29 8 3 24 6 2 27 19 26 16 20 4 14 9
28 22 18
28 22 18 5
28 22 18 5 1 11 23 21 15 13 12 25 17 29 8 3 24 6 2 27 19 26 16 20
28 22 18 5 1 11
28 22 18 5 1 11 23 21 15 13 12 25 17 29 8 3 24 6 2 27 19 26
28
28 22 18 5 1 11 23 21 15 13 12 25 17 29 8 3 24 6 2 27 19 26 16
28 22 18 5 1 11 23 21 15 13 12 25 17 29 8 3 24 6 2 27 19 26 16 20 4 14 9 7 10
28 22 18 5 1 11 23 21 15 13 12 25 17 29 8 3 24 6 2 27 19 26
28 22 18 5 1 11 23 21 15 13
28 22 18
0
0
1
25 18 26 21 20 23 13 1 24 5 2 17 15 27 19 6 11
25 18 26 21 20 23 13 1 24 5 2 17 15 27 19 6 11
25 18 26 21 20 23 13 1 24 5 2 17 15 27 19 6 11
25 18 26 21 20 23 13 1 24
0
0
1
4
1
2 8 11 12 9 1
2 8 11 12 9 1 6
2 8 11 12 9 1 6 3 7 5 4 10
0
0
1
7 2 6
7 2
7 2 6 3 4 5 1
7 2 6 3
7 2 6 3
2
7 2 6 3 4
7
7 2 6
7 2 6
0
0
0
0
1
2 4 7 10 9 6 5 3 8 11 13 12
2 4 7 10 9 6 5 3 8 11 1
2 4 7
2 4 7 10 9 6 5 3
0
0
0
1
23 17 13 4 3 7 6 20 18 15 27 22 16 5 10 14 11
23 17 13 4 3 7 6 20 18 15 27 22 16 5 10 14 11 9 2 21 8 19 12 25
23 17 13 4 3 7 6 20 18 15 27 22 16 5 10 14 11 9 2
23 17 13 4 3 7 6 20 18
1
8 9 15 7 1 14 12 3
8 9 15 7 1 14 12 3 13
8 9 15 7 1 14 6
8 9 15 7 1 14 12 3 13 6 5 2 17 10 16 4
8 9 1 2
8 9 15 7 1 14 12 3
8 9 15 7 1
8 9 15 7 1 14 12 3 13 6 5 2 17 10 16 4
8 9 15 7 1 5
8 9 15 7 1 14 13
8 9 15 7 1 14 12 3 13 6 5 2 17 10
8 9 15 7
8 9 15 7 1 6
8 9 15 7 1 14 12 3 13 6 5
8 9 15 7 1 14 12 3 13 6 5 2
0
0
0
0
0
1
19 4 12
19 4 12
19 4
19 4 12 9 17 7 13 18 1 22 5 14
19 4 12 9 17 7
19 4 12 9 17 7 13 18 1
1
12 8 26 17 7 15 18 3 2 11 5 27 25 10 29
12 8
12 8 26 17 7 15 18 3 2 11 5 27 25 10 29 28 19 16 9 20 23 30 1 22 4 13 14 6 24
12 8 26 17 7 15 18 3 2 11 5 27 25 10 29 28 19 16
12 8 26 17 7 15 18 3 2 11 5 27 25 10 29 28 19 16 9
12 8 26 17 7 15 18 3 2 11
1
2 17
2 17 15 8 7 3 4 1
2 17 15 8 7 3 4 1 16 6 12 10
2
2 17 15 8 7 3 4 1 16 6 12 10 14 11 5
2 17
2 17 15 8 7
2 17 15 8 7 3 4 1 16 6 12 10 14 11 5 13 9
2 17 15 8 7 3 4 1 16 6 12 10 14 11
2 17 15 8 7 3 4 1 16 6 12 10 14 11
1
23 15 9 8 3 21 6 26 18 14 1 24 16 12 7
23 15 9 8 3 21 6 26 18 14 1 24 16 12 7 5 22 19 4 2 13 20 25
23 15 9 8 3
23 15 9 8 3 21 6 26 18 14 1 24 16 12 7 5 22
23 15 9 8 3 21 6 26 18 14 1 24 16 12
23 15 9 8 3 21
23 15 9
23 15 9 8
23 15 9 8 3 21
23
23 15 9 8 3 21 6 26 18 14 1 24 16 12 7 5 22 19
23 15
23 15 9 8 3 21 6 26 18 14 1 24 16 12 7 5 22 19 4 2 13 20
23 15 9 8 3 21 6
23 15 9 8 3 21 6 26 18
23 15 9 8 3 21 6 26 18
23 15 9 8 3 21 6 26 18 14 1 24 16 12 7 5 22
23 15
23 15 9 8 3 21 6 26 18 14 1 24 16 12 7 5 22 19 4 2 13 20 25 11 17 10
0
0
0
1
13 14 12 9 7 8 4 15 6 3 11
13 14
13 14 12 9 7 8
13 14 12 9 7 8 4 15 6 3 11 1 5 10
13 14 12 9 7 8
13 14 12 9 7 8 4 15 6 3
13 14 12 9 7 8
13 14 12 9 7 8 4 15 6
13 14 12 9 7 8 4 15 6 3 11 1
13 14 12 9
13 14 12 9 7
13 14 12 9
13 14 12 9
1
12 13 20 5 26 27 24
12 13 20 5 26 27 24 19 17 11 7 16 15 25 23 14 21 9 22 6 4
12 13 20 5 26 27 24 19 17 11 7 16 15 25 23 14 21
12 13 20 5
12 13 20 5 26 27 24 19 17 11 7 16 15 25 23 14 21
12 13 20 5 26 27 24 19 17 11 7 16 15 25 23 14 21 9 22 6 4
12 13 20 5 26 27 24 19 17 11 7
12 13 20 5 26 27 24 19 17 11 7 16 15 25
12 13 20 5 26 27 24 19 17 11 7 16 15 25 23 14 21 9 22 6
1
8 10 9 6 17 15
1
5 7
5 7 16 3
0
1
29 11 5 25 24 12 17 19
29 11 5
29 11 5 25 24 12 17 19 3 1 26 14 9 15 6 13 16 10 4 28 18 2 23 7
29 11 5 25 24 12 17 19 3 1 26 14 9
29 11 5 25 24 12 17 19 3 1 26 14 9 15 6 13 16 10 4 28 18 2 23 7 20 21
0
0
1
4 1 5 3
4 1 5 3
4
4 1
4 1 5 3
1
1
1
1
1
1
1 3 2 5 4
1 3 2
1 3 2 5
1
0
1
11 12 8 5 4
11 12 8 5 10 4 2 6 3
1
11 12 8 5 10 4 2 6 3 1 9 13 7
11 6 3
11 12 8 5 10 4 2 6 3
11 12 8 5 10
11 12 8 5 10
11 12 8 5 10 4 2 6 3 1 9
11 12 8 5 10 4 2 6
6 1
11 12 8 5 10 4 2 6 3
11 12 8 5 10 4
11 12 8 2
11 12 8 5 10 4 2
11 12 8 5 10 4 2
11 12 8 2
11 12 8 5 10 4 2 6 3
1
7 6 16 10 8 2 1 14 13
7
7 6 16 10 8 2 1
7 6
7 6 16 10 8 2 1 14 13
7
7 6 16 10 8 2 1 14 13 11 12 4 3 15
7 6 16 10 8 2 1 14 13 11 12 4 3
7 6 16 10 8 2 1 14 13 11
7 6 16 10 8 2 1 14 13 11 12
0
1
29 26 17 4 9 7 6
29 26
29 26 17 4 9 7 6 12 1 28 18 11 3 24 16 20 14 19 13 15 8 30 21 22 27 23 2 25 10
29 26 17 4 9 7 6 12 1 28 18 11 3
29 26 17 4 9 7
29 26 17 4 9 7 6 12 1 28 18 11 3 24 16 20 14 19 13 15 8 30
29 26 17 4 9 7 6 12 1 28
29 26 17 4 9 7 6
29 26 17 4 9 7 6 12 1
29 26 17 4 9 7 6 12 1 28 18 11 3 24
29 26 17 4 9 7
29 26 17 4 9 7 6 12 1 28 18 11 3 24 16 20 14 19 13 15 8 30 21 22 27 23
29 26 17 4 9 7 6 12 1 28 18 11 3 24 16 20 14 19 13
29 26 17 4 9 7 6 12 1 28 18 11 3 24 16 20 14 19 13 15 8 30 21 22 27 23 2 25
29 26 17 4 9 7 6 12 1 28 18
0
0
1
6 9
6 9 11 7 1 5
0
1
19 9 2 14 27 23 17 15 16 6 3 26 8 28 5 4 1 20 12 18 11 22 21
19 9 2 14 27 23 17
19 9 2 14 27 23 17 15 16 6 3 26 8 28
19 9 2 14 27 23 17 15 16 6 3 26 8 28
19 9 2 14 27 23 17 15 16 6 3 26 8 28 5 4 1 20
19 9 2 14 27 23 17 15 16 6 3 26 8 28 5 4 1 20
19 9 2 14 27 23 17 15 16 6 3 26 8 28 5 4
19 9 2 14 27 23
19 9 2 14 27 23 17 15 16 6 3 26 8 28 5 4 1 20 12 18 11 22 21 13
19 9 2 14 27 23 17 15 16 6 3 26 8 28 5 4 1
19
19 9 2 14 27 23 17 15
1
4 15 8 17 5 14 13 6 2 11
4 15 8 17 5 14 13 6 2
4 15 8 17 5 14 13
4 15 8 17 5 14 13 6 2 11 10 1 18 7 9 3 12
1
1
1
1
1
9 7 5 3 8 6 4 2
9 7 5
9 7 5
9 7 5 3
9 7 5 3 8 6 4 2 1
5
9 7 5
9 7 5 3 8 6
9 7 5 3 8 6 4 2 1
9 7 5 3 4
9 7
9 7 5 3 8 6 4 2
1
5 3 2 6 1 4
5 2
5 3
5 3
5 3 2 6 1
5 3
5 3 2 6 1
2
5 3 2 6
5 3 2 6 1
0
1
16
16 7 27 19 21 18 2 24 8
16 7 27 19 21 18 2 24 8 5 17 13 26 4 11 12 25 6
1
16 20 21 24 23 25 17 26 2 14 15 27 7
16 20 21 24 23 25 17 26 2 14 15 27 7 11 10 9 18
16 20 21 24 23 25 17 26 2 14 15
16 20 21 24 23 25 17 26 2 14 15 27 7 11 10 9 18 22 6 4 13 8 1 12 3 19 5
16 20 21 24 23 25 17 26 2 14 15 27
16 20 21 24 23 25 17 26 2 14 15 27 7 11 10 9
16 20 21 24 23 25 17 26 2
16 20 21 24 23 25 17 26 2 14 15 27 7 11 10 9 18 22 6 4 13 8
1
19 3 5 2 16 15 14 6 24 17 8 11 22 25 12 29 26 23 4 9 13 10 28 20 7 1
19 3 5 2 16 15 14 6 24 17 8 11 22 25 12 29 26 23 4 9 13 10 28 20 7 1 18 27
19 3 5 2 16 15 14 6 24
19 3 5 2 16 15 14 6 24 17 8 11 22 25 12 29 26 23 4 9 13 10 28 20 7
19 3 5 2 16 15 14 6 24 17 8 11 22 25 12 29 26 23
19 3 5
19 3 5 2 16 15 14 6 24 17 8 11
0
0
1
21 1 12 11 13 19 5 7 6 20 2 25 18 16 24 17 10 8 3 9 23
21 1 12 11 13 19 5 7 6 20 2 25 18 16 24 17 10 8 3 9
21 1 12 11 13 19 5 7 6 20 2 25 18 16 24 17 10
21 1 12 11 13
21 1 12 11 13 19 5 7 6 20 2 25 18 16 24 17 10
21 1 12 11 13 19
21 1 12 11 13 19 5 7 6 20 2 25 18 16 24 17 10
21 1 12 11 13 19 5 7 6 20 2 25 18 16
21 1 12 11 13 19 5 7 6
21 1 12 11 13 19 5 7 6 20 2 25 18 16
21 1 12 11 13 19 5 7 6
21 1 12 11 13 19 5 7 6
21 1 12 11 13
21 1 12 11 13
21 1 12 11 13 19 5 7 6 20 2 25 18 16 24 17 10 8 3 9 23 15 4
1
8 1 13 10 12 16 6 3 5
8 1 13 10
8 1
8 1 13 10 12 16 6 3 5 17 14 4 15
8 1
8 1 13 10
8 1 13 10 12 16 6 3 5 17 14 4 15
8 1 13
0
1
4 14 10 6 3 9 2 13 7 12 11 8 1
3 9 2
4 14 10 6 3 9
4 14 10 6
2
4 14 10 6 3
4 3 9
4 14 10 6 3 9 2 13 7 12 11 8 1
4 14 10 6 3 9
2 13
4 14 10 6 3 9 2
4 14 10 6
4 14 10 6 3 9
2
9 2
4 14 10
4 14 10 6 3
4 14 10 6 3 9
4 14 10 6 3 9 2 13
3 9
4 14 10 6 3 9 2 13 7 12 11
4 14 10 6
4 14 10 6 3 9 2 13 7
0
0
0
0
1
8 9
8 9
8 9 5 4
8 9 5 4 7 3 1 10
8 9 5 4 7 3 1 10
8 9
8 9 5 4 7 3 1 10 2
8 9
8 9 5 4 7 3 1 10 2
8 9 5 4 7
8 9
8 9 5 4
0
1
8
8 11
8 11 4 1 6 10 5 9 3 2 7
8 11 4 1 6 10 5 9 3 2
8 11 4 1 6 10
1
2 1 10 4 11
2
2 1 10 4 11 9 7 8
2 1 10 4 11
2 1 10 4 11 9 7 8 6 5
2 1 10 4
2
2 1 10 4 11 9 7 8
2 1 10 4 11 9 7 8
2 1 10 4
2 1 10
2 1 10 4 11 9 7 8 6
1
7 9 5 8 12
7 9 5 8 12 15 14 10 6
7 9 5 8 12 15 14 10 6 13 19 2 11 18 17 16 3 20 4
7 9 5 8 12 15 14
7 9 5 8 12 15
7 9 5 8 12 15 14 10 6 13 19 2 11 18 17 16 3 20 4
7 9 5
7 9 5 8 12 15 14 10 6 13 19 2 11 18 17
7 9 5
7 9
7 9 5 8 12 15 14 10 6 13 19 2 11
7 9 5 8 12 15
0
1
2 1
1
3 21 23 14 17 12 7 5 4 11 13
3 21 23 14
3 21 23 14 17 12 7 5
3 21 23 14 17 12 7 5 4 11 13 22 18 8 25 10 1
3
3 21 23 14 17 12 7 5 4 11 13
0
1
25 14 18 11 8 7 4 9 6 22 3 19 2 1 24 15 21 10 5 13 20 23 12
25 14
25 14 18 11 8 7 4 9 6 22 3 19 2 1 24 15 21 10 5 13
25 14 18 11 8 7 4 9 6 22 3 19 2 1 24 15
25
25 14 18 11 8 7 4 9 6 22 3 19 2 1 24 15 21 10 5 13 20 23 12 17
25 14 18 11 8 7 4 9 6 22 3 19 2 1 24 15 21 10 5 13 20 23
