13

0

0

0

0

0

1

1

0

0

1

0

0

8

0

10

10

0

1

2

0

0

0

0

1

0

1

1

6

0

0

0

0

0

0

0

0

7

1

0

0

13

0

0

1

0

0

0

0

0

0

0

0

0

0

0

0

0

0

0

0

2

0

0

16

0

15

0

2

11

2

0

2

0

12

5

0

1

0

0

0

0

1

1

0

0

0

0

0

4

0

1

0

1

1

0

0

0

0

0

0

12

1

0

4

0

4

0

0

1

0

12

0

0

23

0

0

0

7

0

0

10

2

0

1

0

1

0

1

1

0

1

0

0

0

1

1

4

0

1

1

2

3

4

0

0

0

0

0

0

0

7

19

1

0

3

0

0

10

0

0

0

0

0

4

0

0

0

8

0

14

0

0

1

2

1

0

0

0

1

0

0

0

0

2

0

0

0

6

0

0

0

0

0

6

0

1

5

0

0

0

0

3

0

0

0

1

0

0

4

0

0

19

0

0

1

1

8

0

0

0

0

0

0

0

0

0

0

0

2

0

0

0

0

7

0

0

1

0

1

5

0

2

0

1

1

15

0

1

0

0

0

8

0

0

12
